{
    "anger": 0.029103195,
    "disgust": 0.0067921067,
    "fear": 0.027528232,
    "joy": 0.876574,
    "sadness": 0.06151191,
    "dominant_emotion": "joy"
}