{
    "anger": 0.0068210675,
    "disgust": 0.00360616,
    "fear": 0.9907291,
    "joy": 0.0057615982,
    "sadness": 0.073330835,
    "dominant_emotion": "fear"
}